1.17849563183
3.47516540965
0.684634156179
-1.88110482714
-7.70797805824
-10.3660696669
-10.679553644
-7.36430365703
-5.50543732582
1.68560954095
0.0112359080917
6.13128037795
6.55490338951
13.1853093211
9.26360330099
10.3365804454
12.0247775892
2.06626520232
6.57782779938
-1.51743521282
-9.16051178355
-10.7019839813
-3.20740083687
-6.86117728946
-3.56147865541
-4.26746025159
2.03332378916
17.6506342768
10.1090967237
8.84178908744
8.16379604984
8.83335298736
7.67605235385
3.38915803217
-4.98548555581
-5.21018440936
-9.51236220383
-10.4213866946
-7.3948588832
-5.1145476361
-3.21145597948
0.598934207841
3.94713791459
8.94794678882
11.0197578964
11.5041998095
9.47803643437
6.96447024369
5.54171063781
-2.86672271689
-6.372813945
-9.34178581451
-8.0367822499
-7.54271714432
-5.91810725074
-5.06023509093
-1.16082325386
2.27855596774
5.54200829576
7.29826412301
10.885951354
