2.871252711145008
2.3626942429713935
2.2629029655031623
2.0102400717735813
-0.1862627546872493
1.6822609458304978
0.5944268774442677
1.9389410431880858
1.546646354451543
1.047960924088243
1.6720542775256761
0.24574042668821217
2.0237092038448115
1.7995373290589445
2.2607853908211646
-0.1751199864900207
2.354029024015099
2.0382296111132012
3.4018334521385536
1.1569050995582078
0.413796930761799
1.003844339919453
0.7372425228082403
2.636410308510329
0.466108189128279
2.705338902797017
-0.11996188245813288
3.7378242411302653
0.6128331536640599
1.8774157380700092
0.8375139405380415
1.434607090504303
0.9525228343502954
0.08990601267964371
1.6984021550841044
0.22113269066351127
2.060507020733367
0.6215563487754444
3.000569713196937
-0.3289174790595354
2.6874539162977666
1.009286286946733
1.125195493382377
2.823628713090863
-0.144315876418194
2.1474990320976777
